00000093
00100113
00000213
00122023
00420213
00222023
00420213
002081b3
00322023
00420213
003100b3
00122023
00420213
00118133
00222023
00420213
002081b3
00322023
00420213
003100b3
00122023
00420213
00118133
00222023
00420213
002081b3
00322023
00420213
003100b3
00122023
00420213
00118133
00222023
00420213

002081b3
00322023
00420213

003100b3
00122023
00420213

00118133
00222023
00420213

002081b3
00322023
00420213

003100b3
00122023
00420213

00118133
00222023
00420213

002081b3
00322023
00420213

003100b3
00122023
00420213

00118133
00222023
00420213

002081b3
00322023
00420213

003100b3
00122023
00420213

00118133
00222023
00420213

002081b3
00322023
00420213

003100b3
00122023
00420213

00118133
00222023
00420213

002081b3
00322023
00420213

003100b3
00122023
00420213

00118133
00222023
00420213

002081b3
00322023
00420213

003100b3
00122023
00420213

00118133
00222023
00420213
0000006f
